Iteratio n 1 ::	641	439	408	605	282	850	487	400	698	350	
Iteratio n 2 ::	926	72	479	427	654	235	327	91	803	573	855	5	290	411	853	210	859	134	788	995	
Iteratio n 3 ::	47	430	434	808	35	69	658	874	469	708	224	747	780	55	175	786	642	854	877	446	428	85	451	718	848	657	281	708	791	421	
Iteratio n 4 ::	703	190	851	489	998	886	558	9	112	380	69	336	127	202	744	654	988	386	861	218	184	641	303	988	711	503	645	344	211	436	766	266	978	617	108	329	856	18	690	968	
Iteratio n 5 ::	398	759	657	878	313	753	884	302	491	745	872	676	738	527	16	450	30	661	794	594	449	560	212	427	530	320	108	738	339	798	58	89	910	715	319	223	820	556	877	312	301	749	340	392	628	356	842	11	17	988	
Iteratio n 6 ::	605	818	901	169	597	783	842	706	521	533	504	579	622	414	647	294	990	467	850	867	779	503	617	471	895	597	827	89	608	196	78	565	366	979	735	964	114	577	670	635	462	526	566	84	293	213	730	283	681	580	150	812	84	119	284	331	69	463	421	29	
Iteratio n 7 ::	660	851	595	378	182	682	342	296	611	364	931	73	243	497	509	536	63	240	171	96	172	673	908	608	145	544	940	214	8	361	243	20	212	190	398	394	872	93	42	835	457	973	908	52	822	418	940	885	10	111	981	182	137	242	791	282	786	731	848	146	444	443	518	8	634	269	754	858	714	796	
Iteratio n 8 ::	694	523	121	602	576	943	372	516	181	734	628	162	917	117	756	60	399	895	143	599	41	939	42	912	947	28	533	53	887	247	201	933	770	322	887	346	265	260	863	798	346	843	961	263	960	69	675	711	964	818	310	6	757	704	270	56	733	803	461	972	50	662	905	820	984	792	167	602	404	382	400	751	577	713	366	889	783	42	600	747	
Iteratio n 9 ::	212	262	105	322	966	375	730	51	178	192	23	228	854	928	401	839	73	920	793	477	654	193	228	231	907	947	120	690	341	72	789	553	686	895	227	4	270	958	56	801	150	79	381	356	360	782	547	433	54	340	910	708	534	491	939	793	790	411	835	131	835	624	36	873	519	264	878	142	574	286	943	76	717	676	432	77	459	980	510	865	320	773	574	206	616	865	999	406	629	834	
Iteratio n 10 ::	889	816	459	925	690	330	541	920	824	467	206	119	543	923	796	976	353	607	308	863	472	628	988	46	835	956	264	186	362	893	21	603	709	832	529	751	514	422	671	691	890	877	810	433	153	606	761	506	565	69	721	38	50	710	436	237	666	700	423	381	945	796	984	7	980	865	758	847	640	430	538	530	659	348	315	812	307	429	318	872	850	40	262	900	102	699	489	120	751	265	501	697	413	838	704	746	703	814	593	695	
