iteration 0 ----	8 	0 	4 	6 	2 	9 	1 	5 	7 	3 	
iteration 1 ----	16 	0 	8 	12 	4 	18 	2 	10 	14 	6 	17 	1 	9 	13 	5 	19 	3 	11 	15 	7 	
iteration 2 ----	16 	0 	24 	8 	20 	4 	28 	12 	18 	2 	26 	10 	22 	6 	14 	17 	1 	25 	9 	21 	5 	29 	13 	19 	3 	27 	11 	23 	7 	15 	
iteration 3 ----	32 	0 	16 	24 	8 	36 	4 	20 	28 	12 	34 	2 	18 	26 	10 	38 	6 	22 	30 	14 	33 	1 	17 	25 	9 	37 	5 	21 	29 	13 	35 	3 	19 	27 	11 	39 	7 	23 	31 	15 	
iteration 4 ----	32 	0 	48 	16 	40 	8 	24 	36 	4 	20 	44 	12 	28 	34 	2 	18 	42 	10 	26 	38 	6 	22 	46 	14 	30 	33 	1 	49 	17 	41 	9 	25 	37 	5 	21 	45 	13 	29 	35 	3 	19 	43 	11 	27 	39 	7 	23 	47 	15 	31 	
iteration 5 ----	32 	0 	48 	16 	40 	8 	56 	24 	36 	4 	52 	20 	44 	12 	28 	34 	2 	50 	18 	42 	10 	58 	26 	38 	6 	54 	22 	46 	14 	30 	33 	1 	49 	17 	41 	9 	57 	25 	37 	5 	53 	21 	45 	13 	29 	35 	3 	51 	19 	43 	11 	59 	27 	39 	7 	55 	23 	47 	15 	31 	
iteration 6 ----	64 	0 	32 	48 	16 	40 	8 	56 	24 	68 	4 	36 	52 	20 	44 	12 	60 	28 	66 	2 	34 	50 	18 	42 	10 	58 	26 	38 	6 	54 	22 	46 	14 	62 	30 	65 	1 	33 	49 	17 	41 	9 	57 	25 	69 	5 	37 	53 	21 	45 	13 	61 	29 	67 	3 	35 	51 	19 	43 	11 	59 	27 	39 	7 	55 	23 	47 	15 	63 	31 	
iteration 7 ----	64 	0 	32 	48 	16 	72 	8 	40 	56 	24 	68 	4 	36 	52 	20 	76 	12 	44 	60 	28 	66 	2 	34 	50 	18 	74 	10 	42 	58 	26 	70 	6 	38 	54 	22 	78 	14 	46 	62 	30 	65 	1 	33 	49 	17 	73 	9 	41 	57 	25 	69 	5 	37 	53 	21 	77 	13 	45 	61 	29 	67 	3 	35 	51 	19 	75 	11 	43 	59 	27 	71 	7 	39 	55 	23 	79 	15 	47 	63 	31 	
iteration 8 ----	64 	0 	32 	80 	16 	48 	72 	8 	40 	88 	24 	56 	68 	4 	36 	84 	20 	52 	76 	12 	44 	60 	28 	66 	2 	34 	82 	18 	50 	74 	10 	42 	58 	26 	70 	6 	38 	86 	22 	54 	78 	14 	46 	62 	30 	65 	1 	33 	81 	17 	49 	73 	9 	41 	89 	25 	57 	69 	5 	37 	85 	21 	53 	77 	13 	45 	61 	29 	67 	3 	35 	83 	19 	51 	75 	11 	43 	59 	27 	71 	7 	39 	87 	23 	55 	79 	15 	47 	63 	31 	
iteration 9 ----	64 	0 	96 	32 	80 	16 	48 	72 	8 	40 	88 	24 	56 	68 	4 	36 	84 	20 	52 	76 	12 	44 	92 	28 	60 	66 	2 	98 	34 	82 	18 	50 	74 	10 	42 	90 	26 	58 	70 	6 	38 	86 	22 	54 	78 	14 	46 	94 	30 	62 	65 	1 	97 	33 	81 	17 	49 	73 	9 	41 	89 	25 	57 	69 	5 	37 	85 	21 	53 	77 	13 	45 	93 	29 	61 	67 	3 	99 	35 	83 	19 	51 	75 	11 	43 	91 	27 	59 	71 	7 	39 	87 	23 	55 	79 	15 	47 	95 	31 	63 	
