loop 1 
 before sorting    760	112	657	852	110	405	949	501	905	795	
after sorting 110 	112 	405 	501 	657 	760 	795 	852 	905 	949 	
loop 2 
 before sorting    562	850	882	747	953	837	280	543	217	489	454	168	527	241	862	188	307	3	548	363	
after sorting 3 	168 	188 	217 	241 	280 	307 	363 	454 	489 	527 	543 	548 	562 	747 	837 	850 	862 	882 	953 	
loop 3 
 before sorting    824	660	475	482	512	586	239	462	439	144	609	353	346	843	100	652	32	733	195	249	574	1	417	454	242	279	642	902	634	190	
after sorting 1 	32 	100 	144 	190 	195 	239 	242 	249 	279 	346 	353 	417 	439 	454 	462 	475 	482 	512 	574 	586 	609 	634 	642 	652 	660 	733 	824 	843 	902 	
loop 4 
 before sorting    617	459	851	445	293	715	383	532	529	174	28	490	527	726	333	979	378	365	712	925	966	287	926	735	741	521	14	383	775	1	925	744	460	128	189	105	844	572	637	725	
after sorting 1 	14 	28 	105 	128 	174 	189 	287 	293 	333 	365 	378 	383 	383 	445 	459 	460 	490 	521 	527 	529 	532 	572 	617 	637 	712 	715 	725 	726 	735 	741 	744 	775 	844 	851 	925 	925 	926 	966 	979 	
loop 5 
 before sorting    746	665	216	273	391	549	605	122	267	317	47	233	604	326	969	697	199	335	80	326	336	358	70	148	486	260	253	330	184	242	56	931	907	624	556	651	525	161	125	792	831	172	378	787	850	347	485	49	34	917	
after sorting 34 	47 	49 	56 	70 	80 	122 	125 	148 	161 	172 	184 	199 	216 	233 	242 	253 	260 	267 	273 	317 	326 	326 	330 	335 	336 	347 	358 	378 	391 	485 	486 	525 	549 	556 	604 	605 	624 	651 	665 	697 	746 	787 	792 	831 	850 	907 	917 	931 	969 	
loop 6 
 before sorting    727	371	275	798	871	114	58	477	444	594	719	852	877	979	828	434	982	354	947	107	146	130	631	524	918	482	223	755	883	258	24	611	981	300	409	204	766	819	681	210	413	753	415	291	732	243	77	66	597	376	173	96	507	804	620	777	638	196	532	522	
after sorting 24 	58 	66 	77 	96 	107 	114 	130 	146 	173 	196 	204 	210 	223 	243 	258 	275 	291 	300 	354 	371 	376 	409 	413 	415 	434 	444 	477 	482 	507 	522 	524 	532 	594 	597 	611 	620 	631 	638 	681 	719 	727 	732 	753 	755 	766 	777 	798 	804 	819 	828 	852 	871 	877 	883 	918 	947 	979 	981 	982 	
loop 7 
 before sorting    454	556	485	435	208	246	639	974	65	673	537	830	426	304	473	510	899	902	576	497	631	749	945	138	905	917	267	544	113	151	418	567	59	255	354	268	501	346	594	918	19	483	100	797	139	926	307	39	828	883	888	811	984	833	301	889	750	568	785	864	719	555	783	779	810	490	399	311	836	345	
after sorting 19 	39 	59 	65 	100 	113 	138 	139 	151 	208 	246 	255 	267 	268 	301 	304 	307 	311 	345 	346 	354 	399 	418 	426 	435 	454 	473 	483 	485 	490 	497 	501 	510 	537 	544 	555 	556 	567 	568 	576 	594 	631 	639 	673 	719 	749 	750 	779 	783 	785 	797 	810 	811 	828 	830 	833 	836 	864 	883 	888 	889 	899 	902 	905 	917 	918 	926 	945 	974 	984 	
loop 8 
 before sorting    229	207	181	330	4	320	256	311	359	436	194	247	248	178	432	549	419	183	470	557	399	189	112	534	320	923	24	719	586	860	417	816	67	598	498	423	918	106	734	630	894	280	877	142	810	310	44	230	845	866	787	596	55	899	130	728	174	155	799	761	367	216	929	787	814	427	210	85	885	297	715	779	577	944	274	388	606	670	970	803	
after sorting 4 	24 	44 	55 	67 	85 	106 	112 	130 	142 	155 	174 	178 	181 	183 	189 	194 	207 	210 	216 	229 	230 	247 	248 	256 	274 	280 	297 	310 	311 	320 	320 	330 	359 	367 	388 	399 	417 	419 	423 	427 	432 	436 	470 	498 	534 	549 	557 	577 	586 	596 	598 	606 	630 	670 	715 	719 	728 	734 	761 	779 	787 	787 	799 	803 	810 	814 	816 	845 	860 	866 	877 	885 	894 	899 	918 	923 	929 	944 	970 	
loop 9 
 before sorting    536	757	399	943	8	530	671	535	37	471	296	756	687	577	895	854	4	458	291	241	755	358	20	684	302	294	72	261	964	42	64	852	151	464	796	512	346	467	47	735	938	695	843	978	272	739	184	628	549	475	869	304	185	241	988	839	888	413	100	204	807	165	57	959	981	853	823	679	320	870	766	611	917	609	941	541	700	125	521	249	952	742	905	137	983	246	976	871	659	429	
after sorting 4 	8 	20 	37 	42 	47 	57 	64 	72 	100 	125 	137 	151 	165 	184 	185 	204 	241 	241 	246 	249 	261 	272 	291 	294 	296 	302 	304 	320 	346 	358 	399 	413 	429 	458 	464 	467 	471 	475 	512 	521 	530 	535 	536 	541 	549 	577 	609 	611 	628 	659 	671 	679 	684 	687 	695 	700 	735 	739 	742 	755 	756 	757 	766 	796 	807 	823 	839 	843 	852 	853 	854 	869 	870 	871 	888 	895 	905 	917 	938 	941 	943 	952 	959 	964 	976 	978 	981 	983 	988 	
loop 10 
 before sorting    76	466	946	133	777	927	338	600	958	10	822	724	973	739	685	914	632	738	391	153	339	695	895	245	832	231	843	161	102	502	942	530	320	888	663	98	167	1	698	125	364	521	201	337	612	238	252	597	976	995	102	668	691	350	913	523	581	756	36	683	610	978	214	930	218	229	380	385	583	79	862	947	952	415	636	916	654	888	865	982	884	968	2	575	318	915	450	899	23	839	934	985	169	500	268	388	82	648	125	665	
after sorting 1 	2 	10 	23 	36 	76 	79 	82 	98 	102 	102 	125 	125 	133 	153 	161 	167 	169 	201 	214 	218 	229 	231 	238 	245 	252 	268 	318 	320 	337 	338 	339 	350 	364 	380 	385 	388 	391 	415 	450 	466 	500 	502 	521 	523 	530 	575 	581 	583 	597 	600 	610 	612 	632 	636 	648 	654 	663 	665 	668 	683 	685 	691 	695 	698 	724 	738 	739 	756 	777 	822 	832 	839 	843 	862 	865 	884 	888 	888 	895 	899 	913 	914 	915 	916 	927 	930 	934 	942 	946 	947 	952 	958 	968 	973 	976 	978 	982 	985 	995 	
