1	0	1	1	1	0	1	0	0	1	1	0	1	1	0	0	1	1	0	0	1	1	1	1	0	1	1	1	0	1	0	1	1	0	0	0	0	1	0	0	0	1	0	0	1	1	0	0	0	0	0	1	1	1	0	0	0	1	1	0	0	0	0	1	0	0	1	0	0	1	1	0	1	1	0	0	0	1	0	0	1	0	1	1	1	0	1	0	1	0	0	0	0	0	1	0	1	1	1	1	

found pattern 
1	0	1	0	1	1	0	0	1	0	1	1	0	0	1	1	1	1	1	1	0	1	0	1	0	1	0	0	1	1	0	0	1	1	0	0	1	1	1	0	1	0	1	1	1	0	0	0	0	0	1	0	1	1	1	1	0	1	1	1	0	1	0	0	1	0	0	0	1	1	0	0	0	0	1	1	0	0	1	0	0	0	0	1	0	1	0	0	0	1	0	1	1	0	1	0	0	1	0	0	1	0	0	1	0	0	0	1	0	1	1	0	1	0	1	1	1	1	0	0	0	0	1	1	0	0	1	0	1	1	0	0	0	1	1	0	1	1	1	1	0	1	1	0	1	0	1	0	1	1	0	1	1	1	1	1	1	0	0	1	0	0	1	0	1	1	0	0	0	0	1	1	1	0	1	0	0	0	0	1	0	1	1	1	0	0	1	0	0	1	1	0	1	0	0	1	1	1	1	0	

found pattern 
1	0	0	0	0	0	1	0	1	0	0	0	0	1	0	1	0	1	1	1	1	0	0	1	1	0	1	0	1	0	0	0	0	0	0	0	0	0	1	0	0	1	0	1	0	0	0	0	1	1	1	0	1	0	1	0	0	0	0	1	0	0	1	0	0	0	1	1	0	0	1	0	1	1	1	1	1	1	1	0	1	0	0	0	0	0	1	0	0	1	1	1	0	1	1	0	1	0	1	1	0	0	1	1	1	1	0	0	0	1	0	1	0	1	0	0	1	1	1	1	0	0	0	0	1	0	1	0	0	0	1	1	1	1	0	0	0	1	1	0	0	1	0	0	0	0	1	1	1	0	1	1	0	1	0	0	1	1	0	0	1	0	1	0	1	1	1	1	0	0	1	1	1	1	1	0	1	0	1	0	0	0	0	1	0	0	1	1	1	1	1	0	1	0	1	0	0	0	1	0	0	1	1	1	0	1	1	0	1	1	0	0	1	0	1	1	0	0	1	1	1	0	0	1	1	1	1	1	1	1	1	1	0	1	0	0	0	0	0	1	1	1	1	0	1	0	0	0	0	1	1	0	1	1	1	0	0	0	1	1	1	1	0	1	0	1	0	0	1	0	1	0	1	1	0	1	1	0	1	0	1	0	0	1	0	1	1	0	1	1	0	1	0	0	0	0	1	0	0	0	

found pattern 
0	1	1	0	1	0	0	1	1	0	0	1	1	1	1	0	0	1	1	0	0	0	0	1	0	0	0	1	0	0	0	0	1	1	0	1	0	0	0	1	0	0	0	1	1	1	0	0	1	1	0	1	1	1	0	0	1	0	1	1	1	1	0	0	1	0	1	1	1	1	0	1	1	0	1	1	1	1	1	0	0	1	1	0	0	0	0	0	0	1	1	1	1	1	0	0	0	1	1	1	1	1	0	0	1	1	1	0	0	0	1	1	0	0	1	0	0	1	0	1	0	0	0	1	1	0	1	1	0	0	0	1	1	1	1	0	0	1	1	1	1	0	0	1	0	1	0	1	0	0	0	0	0	0	0	0	1	1	1	1	0	0	0	1	1	1	0	1	0	1	0	0	1	0	1	1	1	1	0	1	0	0	0	0	1	0	0	0	1	0	1	1	0	1	1	1	0	1	0	1	0	1	1	1	1	0	0	1	0	1	0	0	1	0	0	0	0	1	0	0	1	1	1	1	0	0	0	1	1	0	0	1	1	1	0	1	1	1	0	1	0	0	1	1	1	0	0	1	1	0	1	0	0	1	1	0	1	1	1	1	1	1	0	1	0	1	0	0	0	0	1	0	0	1	1	1	1	1	1	0	0	0	0	0	1	1	0	1	0	0	0	1	1	0	0	0	1	0	0	1	0	1	1	1	0	1	0	1	0	1	1	0	0	1	0	1	0	1	0	0	1	0	0	0	1	0	0	0	1	0	0	1	0	1	0	0	0	1	0	1	0	1	1	0	1	0	0	1	1	0	0	0	1	0	0	0	0	1	0	1	1	0	1	1	0	1	0	0	0	0	1	1	1	1	1	0	1	1	0	0	0	0	0	1	0	0	1	0	1	1	0	1	0	1	0	0	0	0	0	1	

found pattern 
1	1	0	0	1	0	0	1	0	0	0	0	0	1	1	0	0	1	1	0	0	1	0	0	0	1	1	0	1	1	0	0	1	1	0	0	1	0	1	0	0	1	0	0	0	1	0	0	0	1	1	0	1	1	1	1	0	0	1	1	0	0	1	1	1	1	1	0	1	0	0	1	1	1	0	1	0	0	1	1	0	0	1	1	0	0	0	0	1	1	0	1	1	1	0	0	1	1	1	0	1	1	0	0	0	0	1	1	0	0	0	0	1	1	1	1	0	1	1	1	1	1	0	0	1	0	1	0	1	0	0	0	1	0	0	0	0	1	1	1	1	1	1	0	0	1	1	0	0	1	1	1	0	1	0	1	1	1	1	0	1	0	0	0	0	0	0	1	1	1	0	1	0	1	1	1	0	1	1	1	0	1	0	0	0	0	0	0	1	1	0	0	1	1	1	0	1	1	1	1	1	1	0	1	0	1	0	1	0	0	0	0	1	0	1	1	1	1	1	0	0	0	1	0	1	0	0	0	1	1	1	0	0	1	0	0	1	0	1	1	0	1	0	1	0	1	1	1	0	0	1	0	0	0	0	1	0	0	0	0	1	1	0	1	1	0	0	0	1	1	1	1	1	1	1	1	0	0	0	0	0	1	1	1	0	1	0	0	0	0	0	1	0	1	1	1	1	1	1	0	0	0	0	1	0	1	0	0	1	0	1	1	0	0	0	0	1	1	0	1	1	1	1	1	0	0	0	1	1	1	0	1	0	0	1	0	1	1	0	0	0	1	1	0	1	0	0	1	1	0	0	0	1	1	0	1	1	0	1	0	0	1	0	0	1	1	0	0	0	0	0	0	0	1	0	1	1	0	0	0	1	1	1	0	0	1	0	0	1	1	0	1	0	0	1	1	1	1	1	0	0	1	0	0	0	1	1	0	1	0	0	0	1	1	1	1	0	1	1	0	0	0	1	0	0	1	1	0	0	0	0	0	1	0	0	1	1	0	1	1	0	0	1	1	1	0	0	0	1	0	0	1	0	1	1	0	0	0	0	1	0	0	1	1	1	0	1	0	0	0	1	0	0	1	1	0	1	1	0	1	1	0	0	1	1	0	0	0	0	0	1	1	1	0	0	0	0	1	0	0	

found pattern 
1	1	0	0	1	0	1	0	0	0	0	0	0	0	0	0	0	1	1	1	1	0	1	0	1	0	0	1	0	1	0	1	0	0	1	1	1	1	0	1	1	0	1	1	0	1	1	0	0	1	0	0	1	1	0	0	1	0	0	1	1	0	0	0	0	0	1	1	1	1	1	0	1	0	1	1	0	0	0	0	1	0	0	0	1	0	1	1	1	1	0	0	1	1	0	1	1	0	1	0	1	0	0	1	0	1	0	0	1	0	1	1	0	1	1	0	0	0	1	1	1	1	1	0	0	0	0	1	0	1	1	1	1	1	0	1	0	1	0	0	1	1	1	0	0	0	0	0	1	1	1	0	0	1	1	1	1	1	0	1	0	0	0	1	1	1	0	0	0	0	0	1	1	1	1	0	1	1	0	0	0	0	1	1	1	0	0	0	1	0	1	1	0	1	0	0	0	0	0	0	1	0	0	0	1	1	0	0	1	1	1	1	1	0	0	0	0	0	0	1	1	1	0	1	0	0	1	1	0	1	1	1	1	1	0	0	1	0	1	0	1	0	1	0	0	0	0	0	0	0	1	1	1	1	1	0	1	0	1	1	0	0	1	1	0	1	0	1	1	1	1	1	1	0	1	1	0	0	1	1	0	0	0	0	1	1	0	0	0	1	1	0	1	0	1	1	1	1	0	1	0	1	0	1	0	1	0	0	1	1	1	0	1	0	0	0	1	0	0	1	1	0	1	0	0	1	0	0	0	0	1	1	0	1	0	0	0	1	0	0	0	0	0	0	0	0	0	1	0	1	1	1	1	0	1	1	1	1	1	0	0	0	1	0	1	1	0	0	0	0	0	1	0	0	1	0	0	1	0	0	0	1	1	1	1	0	1	1	0	0	1	0	1	0	0	0	1	0	0	0	0	0	1	1	0	0	1	0	1	1	0	0	0	1	1	0	0	0	1	0	1	0	0	0	0	0	0	1	0	1	1	0	1	0	1	0	0	1	0	0	0	1	0	1	0	1	1	0	0	0	0	1	0	0	1	0	0	1	1	0	0	1	1	0	1	0	0	0	1	0	0	0	1	0	1	0	1	0	0	1	0	1	0	0	1	1	0	0	1	1	0	1	0	1	1	0	0	1	0	1	0	0	1	1	0	0	1	1	0	0	1	0	1	1	0	0	1	0	0	0	0	1	1	0	0	1	0	0	0	0	0	0	0	1	0	0	0	1	0	0	1	1	1	0	0	1	1	1	0	1	1	0	0	1	0	1	0	1	1	0	1	1	1	0	1	1	0	1	0	0	1	0	1	0	0	0	0	1	1	0	1	1	0	1	0	0	0	0	1	0	0	1	1	1	1	0	0	1	1	1	

found pattern 
1	1	1	1	1	1	1	0	0	1	1	0	0	0	0	1	0	0	0	1	0	1	0	0	1	1	1	1	0	0	0	0	0	0	1	1	1	1	1	1	0	0	1	0	0	1	0	0	1	0	0	1	0	0	0	1	1	1	0	0	0	0	0	0	0	1	1	1	0	0	0	1	0	1	1	1	0	1	1	0	0	1	1	0	1	1	1	1	1	1	1	1	1	1	1	0	0	0	1	1	0	0	0	0	1	1	1	0	1	1	0	1	0	1	1	0	1	0	1	0	1	0	1	0	1	0	0	1	0	0	0	0	0	0	0	1	0	0	1	1	1	1	0	1	1	1	1	0	1	0	0	0	0	1	0	1	1	1	1	1	1	1	1	1	0	1	0	0	1	0	1	0	1	1	0	0	0	1	0	1	0	0	1	0	1	1	0	0	0	1	1	1	0	0	0	0	0	1	0	1	1	1	0	0	0	0	1	0	1	1	1	1	0	0	0	1	0	0	0	0	1	1	0	1	0	0	0	0	1	0	1	0	0	1	1	0	1	0	1	1	1	0	0	1	1	0	1	1	0	1	1	1	0	1	1	0	0	1	0	1	1	0	0	1	1	1	0	1	1	1	0	0	1	0	0	0	1	1	1	1	0	1	1	0	0	0	1	0	1	1	0	0	1	0	0	1	1	0	0	0	1	0	0	0	0	0	1	1	1	0	1	1	1	0	0	0	0	1	0	1	0	0	1	0	0	1	1	1	1	1	1	0	1	0	1	1	0	0	1	0	0	0	1	0	0	1	0	0	0	0	1	1	1	0	1	1	0	0	1	1	1	0	0	0	0	1	1	1	1	0	1	1	0	0	1	0	0	1	0	0	0	1	1	1	0	0	0	0	0	1	1	1	0	1	1	0	0	1	1	1	1	0	1	0	1	0	0	1	0	1	1	0	0	1	1	0	1	1	0	0	1	0	1	1	1	1	1	0	0	1	1	1	1	0	1	0	1	0	1	1	1	1	1	1	0	0	0	1	1	0	1	0	0	1	1	0	0	1	0	0	0	1	1	1	0	1	0	1	1	1	0	0	0	1	1	0	1	1	0	0	0	1	1	0	0	0	0	0	1	0	0	1	0	0	1	0	1	1	1	0	0	1	0	1	0	1	1	1	1	1	1	1	1	0	1	1	1	0	0	0	0	0	0	0	0	1	0	1	0	1	1	0	0	1	1	0	1	1	1	0	0	1	1	1	1	0	1	0	0	1	1	1	1	1	1	0	0	0	1	0	1	1	0	0	0	0	0	1	1	0	1	1	1	0	1	0	1	0	1	1	1	0	0	0	1	0	0	1	0	0	1	1	1	1	1	1	1	0	1	0	0	0	0	1	1	1	1	0	1	0	1	0	0	0	0	1	0	1	0	0	1	1	1	0	1	1	1	0	1	0	1	1	1	1	0	0	0	1	0	1	0	1	1	0	1	1	0	1	0	0	1	1	0	1	1	1	0	1	1	1	1	0	0	0	1	0	0	1	1	0	0	1	0	1	0	1	1	0	1	1	0	0	1	0	1	0	1	1	1	1	0	1	1	0	1	1	0	0	0	0	

found pattern 
0	1	0	1	1	1	1	0	1	0	0	1	0	0	0	0	1	1	1	0	1	0	1	0	0	0	0	1	1	1	1	1	1	1	1	0	0	0	0	0	0	1	1	0	1	1	0	0	0	1	0	0	0	0	0	0	0	0	1	1	1	1	0	0	0	1	1	1	1	1	1	1	0	0	0	1	1	0	1	0	0	0	0	0	0	0	0	0	0	0	1	1	1	1	0	1	1	1	0	0	0	1	0	1	1	0	0	1	0	0	1	0	0	1	0	0	1	1	0	1	1	1	0	0	0	0	1	1	1	0	0	0	1	0	1	1	0	1	0	0	1	1	1	1	0	1	1	1	0	1	0	1	0	0	1	1	1	1	0	0	1	0	0	0	0	1	1	0	1	1	1	0	0	0	0	0	1	1	1	0	1	1	1	1	0	1	0	1	0	1	1	1	1	0	1	0	1	1	0	0	0	1	1	1	1	1	1	1	0	1	1	1	0	0	1	0	1	1	1	1	0	1	0	0	1	0	0	0	1	0	1	1	0	0	0	1	1	0	0	1	1	1	1	1	0	0	0	1	1	1	1	0	0	1	0	1	1	0	0	0	0	1	0	0	1	0	0	0	0	0	1	1	0	0	1	0	0	1	1	0	0	0	0	1	0	0	0	1	0	0	0	0	1	0	1	0	0	1	0	1	1	0	0	1	0	1	1	1	0	1	1	1	1	1	0	1	1	0	1	1	1	1	1	0	1	0	1	1	1	1	0	1	1	1	0	0	0	0	1	1	1	0	0	0	1	0	0	0	0	1	1	1	0	0	0	1	1	1	0	0	0	1	1	0	0	0	0	0	0	1	1	1	1	1	1	0	1	1	0	0	0	1	1	0	1	1	1	0	0	0	1	1	1	0	1	1	0	1	1	0	0	1	1	1	0	1	1	0	0	1	0	1	0	1	1	1	1	1	0	1	1	1	0	0	1	1	1	0	0	0	0	0	1	0	1	0	1	0	0	1	1	0	0	1	1	0	1	0	1	1	0	0	0	0	0	1	0	1	1	0	1	0	1	1	0	0	1	1	1	1	0	0	1	1	0	0	1	1	1	0	0	1	0	0	1	0	1	1	1	1	0	0	1	1	1	1	1	0	0	0	1	0	1	0	1	1	1	0	0	0	0	0	1	0	0	0	0	1	0	1	0	0	0	1	1	1	0	0	0	0	1	1	1	0	0	0	1	1	1	1	1	1	1	0	0	1	0	0	0	0	0	1	0	0	0	1	1	1	0	1	1	1	1	0	1	1	1	0	0	0	1	1	1	0	1	1	1	1	0	1	0	0	0	0	0	1	0	1	0	0	1	1	1	0	0	0	1	1	0	1	1	1	0	0	1	1	0	0	0	0	1	0	0	0	1	0	1	1	1	1	1	0	0	0	0	0	0	1	1	0	0	0	1	0	1	0	1	1	0	0	1	1	0	1	1	1	1	0	0	0	1	1	1	0	1	1	0	1	1	0	1	1	0	0	0	1	0	1	0	0	1	1	0	0	0	1	1	1	0	0	0	1	1	1	1	1	0	0	0	1	0	0	1	0	0	1	0	1	0	0	1	0	0	1	0	0	1	1	0	1	1	0	0	1	1	0	0	1	0	0	1	0	0	0	0	1	1	0	0	1	1	1	1	1	1	1	1	0	1	1	1	0	1	1	1	0	1	1	0	1	0	1	1	0	1	0	1	0	0	1	1	1	1	1	0	0	0	0	0	1	1	1	0	1	0	1	1	0	1	1	1	1	0	1	1	1	1	1	1	1	0	1	1	1	0	1	1	0	1	1	

found pattern 
0	1	1	1	1	0	1	0	1	1	1	1	1	0	0	0	0	0	1	1	0	1	0	1	0	0	1	0	1	1	0	1	0	1	0	1	0	1	0	1	1	1	0	0	0	0	0	0	1	0	1	1	1	1	0	1	1	1	1	0	1	1	1	1	1	0	1	1	1	1	0	0	0	1	0	0	1	1	0	0	1	1	1	0	1	0	0	0	1	1	1	0	1	0	0	0	0	1	1	0	0	1	0	0	0	1	1	0	0	1	0	1	1	0	1	0	0	1	0	1	1	1	0	0	0	0	0	0	1	1	0	1	0	1	1	1	0	0	1	0	0	1	1	1	1	0	1	1	0	1	1	1	1	1	1	1	1	1	1	0	0	0	1	0	1	0	1	1	1	0	1	1	0	0	0	1	0	1	1	0	0	0	1	1	1	0	0	0	1	0	0	1	0	1	0	1	1	1	0	0	0	1	1	0	1	1	1	1	0	0	0	1	0	1	0	1	0	1	1	1	1	1	1	1	0	1	0	0	0	0	0	0	1	0	0	0	1	0	1	0	0	1	1	1	1	1	0	1	0	0	0	1	1	1	0	0	0	0	0	1	0	0	1	1	0	0	1	0	0	1	0	0	0	1	1	1	0	0	0	1	0	1	0	1	0	1	1	1	1	1	0	0	0	1	1	0	1	1	0	1	0	0	0	0	1	1	0	0	1	0	1	1	1	1	1	0	0	0	1	0	0	1	0	0	0	1	0	0	0	1	1	0	1	1	1	1	1	1	1	0	1	0	0	1	1	1	1	0	1	0	0	1	1	0	1	1	1	0	1	0	1	1	0	0	0	1	1	1	0	0	0	0	0	0	1	0	1	0	0	0	0	0	0	1	0	1	0	1	1	0	1	0	1	0	1	1	1	0	1	0	1	1	0	1	1	1	1	0	1	1	0	1	1	0	0	1	0	0	1	1	0	0	0	1	0	1	1	0	1	0	0	0	1	0	0	0	1	1	0	0	1	0	1	0	1	1	0	1	1	1	0	0	1	0	1	0	1	0	0	1	0	0	1	1	0	1	1	1	1	1	1	0	0	0	0	1	1	0	0	0	1	0	0	1	1	0	1	0	0	1	1	1	1	1	0	1	0	0	0	1	1	1	1	1	1	0	0	0	0	0	0	0	1	1	1	0	1	0	0	1	1	0	0	0	1	1	1	1	1	1	1	0	0	0	0	1	0	0	1	1	1	1	1	0	0	0	0	1	0	0	1	1	0	1	1	1	0	0	1	1	1	0	0	1	0	0	0	1	0	1	0	1	0	1	1	1	1	1	0	1	0	1	0	0	1	1	0	1	1	1	1	0	1	1	1	1	1	1	0	1	0	0	1	0	1	0	1	0	0	0	1	0	1	1	0	0	0	0	0	1	1	1	1	0	0	0	0	1	1	0	0	1	1	1	0	0	0	1	1	0	1	0	0	1	0	0	1	0	1	1	0	0	0	1	1	0	0	1	1	1	1	0	1	0	1	1	1	1	0	0	1	0	0	1	1	0	0	0	1	1	0	1	1	0	0	0	1	0	1	0	0	1	0	1	1	0	0	0	1	0	0	1	0	1	0	1	1	0	0	0	1	0	1	1	0	0	1	1	0	1	0	0	0	0	1	1	0	1	0	0	0	0	1	0	1	1	0	1	0	0	1	1	0	1	0	0	1	0	0	1	1	0	0	1	0	1	0	1	1	0	1	1	1	0	1	0	1	1	1	1	1	1	1	1	0	1	0	1	1	0	0	0	0	0	1	0	0	0	1	1	0	0	0	1	0	1	0	0	1	1	1	0	0	0	0	0	0	0	1	1	0	0	0	0	0	1	0	0	1	0	1	0	0	1	1	1	1	1	1	0	1	0	0	1	1	0	0	1	0	1	0	0	1	0	0	0	0	1	0	1	1	0	1	1	1	1	0	0	0	1	0	1	0	1	1	1	1	1	0	0	0	0	0	0	1	1	0	1	0	0	0	1	0	0	0	0	1	1	0	1	0	1	1	0	0	0	1	1	1	1	

found pattern 
1	1	1	1	0	1	0	0	0	0	0	0	0	1	1	1	1	0	0	0	0	0	0	0	1	1	1	1	0	1	1	0	0	0	1	0	1	1	1	1	0	1	1	0	1	1	1	0	1	1	0	1	1	0	1	1	1	1	0	1	0	1	1	1	1	1	1	0	0	0	1	0	0	0	1	1	1	0	1	0	0	1	0	1	1	1	0	0	0	0	1	1	1	1	0	0	0	1	0	0	0	1	1	0	0	0	1	1	0	0	0	0	1	0	0	0	1	0	0	0	1	1	1	0	0	1	1	0	0	1	1	0	1	0	0	1	0	1	0	0	1	0	1	0	0	1	0	0	1	0	0	0	0	1	1	0	0	0	1	0	1	0	1	0	0	1	1	0	1	0	0	0	0	1	1	1	0	1	1	0	0	1	0	0	0	1	0	0	1	1	0	1	1	1	1	1	1	1	1	0	1	0	0	1	1	1	0	0	1	1	0	1	0	0	1	0	0	1	0	1	1	1	0	0	0	0	0	1	1	1	1	0	1	0	1	1	1	0	1	0	1	1	1	0	1	0	0	1	0	1	1	1	0	1	1	0	1	1	0	0	1	1	0	0	1	0	1	1	0	0	1	1	1	1	1	1	1	0	0	1	1	1	0	1	1	0	1	0	1	1	1	0	1	1	1	0	1	0	1	1	1	1	1	0	0	0	1	1	0	0	1	1	1	1	0	0	1	0	1	1	1	0	1	0	1	0	1	1	1	0	0	0	1	1	0	1	0	0	1	0	0	0	0	1	1	0	0	1	0	1	0	0	1	1	0	0	0	1	1	1	0	0	1	1	1	1	1	1	1	0	0	1	0	0	1	1	0	1	0	1	0	0	1	1	0	1	1	0	1	1	1	1	1	0	0	0	1	1	0	1	1	0	0	1	0	1	1	0	0	1	1	0	0	0	1	0	0	1	0	1	0	1	0	1	1	0	1	0	0	1	1	1	1	0	1	1	1	0	0	0	1	1	0	1	0	0	1	0	1	1	1	1	0	1	0	1	1	1	0	1	1	1	1	0	1	0	0	1	0	0	1	1	1	1	1	1	1	0	1	0	0	0	1	0	1	1	0	1	1	0	0	0	1	1	0	1	1	0	0	1	0	1	1	0	0	0	1	0	0	1	0	0	1	0	1	1	1	1	0	0	1	0	0	0	0	1	1	1	1	1	1	0	0	0	0	1	0	1	1	0	0	1	1	0	1	0	1	1	1	1	1	0	1	0	0	1	1	0	1	0	1	0	0	0	0	0	1	0	0	0	0	0	1	1	0	1	1	1	0	0	0	1	0	0	1	1	1	0	1	0	1	0	0	1	0	0	0	1	0	0	1	1	0	1	0	1	0	0	0	0	0	1	1	1	1	1	0	0	1	1	1	0	1	1	0	0	0	0	1	0	0	1	1	0	0	0	1	0	0	0	0	0	1	1	1	0	0	1	0	0	0	1	0	0	1	0	0	1	0	1	1	0	0	1	1	0	1	0	0	1	0	0	1	1	0	1	1	0	0	0	0	1	1	1	1	0	1	1	1	0	0	1	0	1	0	1	1	1	0	0	0	0	0	1	0	0	0	1	1	1	1	1	0	1	0	1	1	0	0	1	0	0	0	0	1	0	0	1	1	0	1	1	0	1	0	0	0	1	0	1	0	1	0	0	0	1	1	0	1	1	1	1	1	1	1	1	1	1	0	0	1	1	1	0	0	1	0	0	0	0	1	0	0	0	0	0	1	1	0	0	0	1	1	0	0	0	1	1	0	1	1	1	0	0	1	0	0	0	1	0	0	0	1	0	0	1	1	1	1	1	1	1	1	0	1	1	1	0	1	1	1	0	0	1	1	0	0	1	0	1	1	0	1	0	1	0	0	0	1	1	1	1	0	0	1	0	0	0	0	1	1	0	1	0	1	0	0	1	1	0	0	1	0	0	1	1	0	1	1	1	0	1	0	1	1	0	1	1	0	1	0	0	1	0	0	1	0	0	0	0	0	1	1	0	1	0	0	1	0	1	0	0	0	1	1	0	1	0	1	1	0	0	1	1	0	1	0	0	1	1	0	1	0	1	0	1	0	0	0	0	1	0	0	0	1	0	0	0	0	1	0	0	1	1	0	1	1	0	0	0	1	0	0	1	0	0	0	0	0	0	0	1	1	0	1	0	0	1	1	1	1	1	1	0	0	1	0	1	0	0	0	1	0	0	1	0	0	1	0	0	0	0	1	1	1	1	1	1	0	0	

found pattern 
