1 time 	401  610  641  892  888  255  831  278  890  704  
key==401
count== 1

2 time 	601  538  320  908  442  201  597  908  979  500  179  488  29  785  206  72  779  481  367  214  
key==601
count== 1

3 time 	879  120  825  872  12  713  128  843  991  18  900  944  908  572  853  351  773  802  611  752  654  142  240  683  927  799  755  706  280  474  
key==879
count== 1

4 time 	921  511  947  98  383  959  163  863  155  506  881  407  450  790  979  655  493  104  809  456  209  463  599  801  498  526  600  606  585  880  80  858  391  379  308  127  691  471  990  846  
key==921
count== 1

5 time 	977  872  605  779  14  584  787  859  688  596  315  897  412  914  51  910  441  651  868  378  884  301  588  275  680  896  402  371  367  393  569  696  617  174  827  983  758  614  842  799  563  157  48  327  424  99  589  217  103  458  
key==977
count== 1

6 time 	595  987  759  183  262  791  79  17  163  798  762  732  846  731  907  673  714  17  640  908  168  555  417  569  882  841  668  823  58  771  281  5  758  392  188  373  184  619  742  699  769  504  431  615  235  690  641  301  60  281  561  580  188  978  149  70  820  818  245  230  
key==595
count== 1

7 time 	941  879  236  52  271  776  777  807  396  519  506  517  375  290  133  962  980  774  615  392  407  176  973  595  154  122  17  326  292  262  557  586  141  793  990  765  921  119  572  669  990  79  187  365  721  320  679  53  446  294  446  205  470  771  800  976  245  169  303  538  431  212  476  925  357  818  42  278  937  614  
key==941
count== 1

8 time 	948  927  45  135  644  766  807  323  820  253  617  618  458  439  389  610  767  634  779  70  524  562  282  0  839  991  818  881  270  107  848  570  34  893  705  678  12  864  1  832  117  970  450  927  761  191  889  529  825  20  951  702  582  586  54  774  577  873  655  199  332  503  769  367  749  474  397  761  690  751  593  159  73  395  86  835  938  327  716  763  
key==948
count== 1

9 time 	347  667  465  282  253  520  56  183  745  63  382  429  919  152  796  668  978  546  429  669  297  374  828  370  121  267  557  59  594  273  174  294  293  992  576  898  864  984  81  961  47  816  390  966  320  539  986  650  85  415  319  734  141  500  456  262  119  14  673  65  639  848  359  932  840  287  831  704  271  264  17  671  432  407  989  752  946  976  403  383  743  74  117  237  574  574  851  693  940  525  
key==347
count== 1

10 time 	111  579  373  470  512  565  110  695  621  381  311  638  404  744  397  394  496  344  722  251  727  465  326  197  54  900  123  906  946  63  431  409  642  156  879  506  73  341  553  46  75  865  684  479  609  81  225  457  777  947  709  857  765  35  54  819  287  177  725  585  592  508  994  234  16  226  93  89  567  646  135  642  511  171  474  472  253  699  930  382  647  639  239  764  26  645  583  665  822  661  251  414  169  597  1  186  175  94  627  95  
key==111
count== 1

