1 time 	287  970  872  638  457  945  870  38  85  210  
key==210
count== 10

2 time 	293  298  811  4  655  197  77  596  424  553  72  520  760  461  280  215  321  363  845  710  
key==710
count== 20

3 time 	691  484  681  915  475  490  860  345  528  297  907  821  595  718  177  250  267  606  846  43  160  270  915  272  83  547  839  404  911  685  
key==685
count== 30

4 time 	115  602  521  148  517  996  638  730  693  518  27  600  691  623  670  220  225  289  826  424  332  338  46  248  611  130  795  450  534  58  487  649  660  9  797  530  5  787  612  51  
key==51
count== 40

5 time 	305  639  651  996  614  674  216  192  963  395  616  648  733  14  896  344  144  43  795  31  454  634  32  466  643  830  996  1  969  608  52  275  600  55  623  214  81  192  406  45  587  374  693  320  389  941  665  885  336  812  
key==812
count== 50

6 time 	916  790  446  949  257  442  131  605  795  100  214  847  727  814  254  703  380  336  895  787  733  834  513  426  506  902  719  523  788  55  335  704  198  134  653  455  928  136  60  723  237  626  922  316  792  528  19  173  864  266  312  597  100  825  375  607  80  446  130  868  
key==868
count== 60

7 time 	502  818  924  700  304  930  507  232  66  567  307  655  546  229  972  338  757  991  511  974  610  175  923  710  1  651  669  433  97  152  301  599  970  577  651  274  507  158  858  926  78  165  581  624  746  905  962  855  249  826  181  859  1  105  569  354  108  591  787  205  743  440  157  713  18  808  339  877  319  549  
key==549
count== 70

8 time 	155  397  66  737  373  164  994  687  19  243  513  201  102  867  658  24  221  766  615  361  323  358  801  480  423  171  289  762  401  960  663  556  709  729  645  82  893  640  769  264  235  635  817  338  502  475  714  75  593  329  436  917  39  590  397  462  113  38  576  514  350  239  423  59  968  68  141  213  60  263  477  296  898  295  634  400  122  348  475  716  
key==716
count== 80

9 time 	29  264  985  68  206  382  882  671  773  458  538  123  697  961  183  17  381  676  230  442  939  59  738  837  354  724  589  477  424  65  193  453  681  530  873  239  264  755  262  37  565  800  513  614  113  48  631  495  724  213  937  664  272  27  853  979  751  443  456  527  860  1  980  893  531  205  484  795  312  746  185  877  547  698  491  660  746  474  155  822  39  444  486  663  471  692  642  574  487  98  
key==98
count== 90

10 time 	101  347  451  433  240  334  990  724  130  302  822  667  531  369  365  22  382  463  848  537  285  887  334  124  551  157  168  545  732  655  996  185  2  447  619  594  782  609  670  264  264  492  283  795  214  0  818  596  463  18  485  100  258  819  576  809  977  744  706  61  399  702  246  753  150  865  347  284  827  369  900  91  214  183  886  428  535  56  24  998  75  509  450  333  681  27  494  658  123  200  719  875  255  317  628  757  183  328  41  362  
key==362
count== 100

1 time 	228  772  975  258  582  95  768  357  781  931  
key==931
count== 10

2 time 	774  9  271  209  999  890  541  764  938  253  969  493  706  787  703  835  350  647  363  775  
key==775
count== 20

3 time 	921  943  899  897  201  833  344  969  543  477  900  317  486  172  879  838  414  420  954  352  25  924  197  83  63  900  918  414  548  633  
key==633
count== 30

4 time 	541  469  577  440  718  778  625  414  748  168  891  0  838  730  172  717  920  938  489  874  642  866  150  839  950  214  92  220  980  640  854  521  461  431  313  180  561  290  594  309  
key==309
count== 40

