102 41 287 343 96 566 427 539 244 737 
317 414 267 331 634 107 205 405 890 105 171 477 9 186 88 543 373 734 430 372 
191 659 899 287 226 46 545 189 502 602 506 916 589 556 551 415 761 676 307 585 847 784 314 752 592 576 845 46 8 936 
199 596 220 486 541 984 750 449 488 72 674 405 661 231 676 78 712 353 104 298 919 888 612 392 200 190 956 246 198 893 567 397 209 506 602 469 211 72 918 699 
593 823 525 543 219 322 256 572 426 555 212 34 886 323 235 77 998 200 993 892 486 110 820 712 712 290 923 503 209 623 648 521 166 174 783 386 496 41 677 641 596 608 675 483 931 629 280 930 549 274 
36 385 82 748 816 372 391 321 300 733 688 540 900 581 325 287 796 366 683 438 681 293 114 883 943 463 164 594 13 158 855 767 543 938 236 79 30 627 119 331 362 807 871 263 389 197 269 186 282 952 624 963 964 458 567 909 640 731 223 653 
79 140 870 736 376 950 767 5 70 99 367 597 689 349 986 887 337 892 888 9 236 853 974 694 140 603 54 871 826 707 200 624 848 71 362 943 22 130 948 811 947 35 409 637 103 115 244 440 8 134 450 245 706 144 658 846 747 713 437 293 140 637 636 707 709 998 652 450 847 601 
795 356 109 434 459 225 397 900 951 531 70 915 956 214 575 803 961 8 960 973 866 598 610 575 27 610 946 197 177 267 178 973 623 288 127 802 232 524 703 184 775 773 819 732 706 114 256 668 122 217 361 707 815 971 283 562 301 230 759 479 498 937 172 840 944 18 643 177 542 66 81 37 558 900 489 265 15 745 933 855 
14 563 497 986 566 60 7 796 819 486 14 477 377 574 422 395 218 319 657 285 119 694 843 20 184 110 753 929 762 328 611 777 891 110 483 458 888 490 974 428 696 707 624 74 282 765 470 220 85 128 505 922 541 68 661 726 896 415 375 379 462 987 157 355 816 359 532 424 849 226 852 265 934 196 340 935 962 529 156 766 376 380 690 917 449 352 644 346 487 739 
949 727 601 24 263 679 557 687 249 783 260 514 437 456 573 374 419 103 530 905 479 911 596 117 80 667 480 145 873 220 590 543 947 910 286 211 591 562 899 559 347 878 74 503 335 648 596 474 470 128 380 950 758 695 68 557 82 548 702 675 488 12 937 436 642 224 367 234 787 985 793 853 864 586 357 200 235 954 393 706 801 773 376 279 188 163 555 989 430 976 665 918 989 603 75 632 827 442 585 334 
